/**
 *    author:  feev1x
 *    created: 10.12.2024 13:16:14
**/
#include <bits/stdc++.h>

using i64 = long long;

int main() {
  int n, m; scanf("%d%d", &n, &m);  
  int res[] = {0, 0, 0, 0, 0, 0, 0, 0, 0, 0, 0, 0, 0, 0, 0, 0, 0, 9, 18, 30, 45, 63, 84, 108, 135, 165, 198, 234, 273, 315, 360, 408, 0, 18, 45, 81, 126, 180, 243, 315, 396, 486, 585, 692, 810, 936, 1071, 1215, 0, 30, 81, 147, 228, 324, 435, 561, 703, 861, 1035, 1225, 1431, 1653, 1891, 2145, 0, 45, 126, 228, 351, 496, 666, 861, 1081, 1326, 1596, 1891, 2211, 2556, 2926, 3321, 0, 63, 180, 324, 496, 703, 946, 1225, 1540, 1891, 2278, 2701, 3160, 3655, 4186, 4753, 0, 84, 243, 435, 666, 946, 1275, 1653, 2080, 2556, 3081, 3655, 4278, 4950, 5671, 6441, 0, 108, 315, 561, 861, 1225, 1653, 2145, 2701, 3321, 4005, 4753, 5565, 6441, 7380, 8385, 0, 135, 396, 703, 1081, 1540, 2080, 2701, 3403, 4186, 5050, 5995, 7021, 8128, 9316, 10585, 0, 165, 486, 861, 1326, 1891, 2556, 3321, 4185, 5151, 6216, 7381, 8646, 10011, 11476, 13041, 0, 198, 585, 1035, 1596, 2278, 3081, 4005, 5050, 6216, 7503, 8911, 10440, 12090, 13861, 15752, 0, 234, 693, 1225, 1891, 2701, 3655, 4753, 5995, 7381, 8911, 10585, 12403, 14365, 16471, 18721, 0, 273, 810, 1431, 2211, 3160, 4278, 5565, 7021, 8646, 10440, 12403, 14535, 16836, 19306, 21945, 0, 315, 936, 1653, 2556, 3655, 4950, 6441, 8128, 10011, 12090, 14365, 16836, 19503, 22366, 25425, 0, 360, 1071, 1891, 2926, 4186, 5671, 7381, 9316, 11476, 13861, 16471, 19306, 22366, 25651, 29161, 0, 408, 1215, 2145, 3321, 4753, 6441, 8385, 10585, 13041, 15753, 18721, 21945, 25425, 29161, 33153};
  printf("%d\n", res[(n - 1) * 16 + m - 1]);
  return 0;
}
