90 102
4246 2 50 7
6157 3 57 87 35
5368 2 27 69
7028 2 36 57
1913 9 20 17 71 42 23 46 56 77 61
2176 10 77 56 14 49 78 52 26 38 89 53
6427 4 1 79 68 47
3027 1 63
2377 4 79 12 31 11
2574 9 33 67 11 61 58 40 54 38 75
2269 6 24 12 10 31 58 9
6262 8 11 24 66 13 9 31 30 45
5031 3 12 31 24
7655 4 17 6 42 52
4717 2 51 90
4552 0
7339 8 23 5 42 75 14 56 18 77
7123 3 74 28 17
2777 2 68 47
1090 7 23 75 71 21 5 52 26
1526 9 62 20 82 75 44 49 61 23 54
3056 3 43 71 33
157 10 20 75 38 61 21 17 26 5 28 77
1650 9 13 29 37 12 31 55 45 11 30
5330 3 69 41 64
5359 6 38 46 20 28 23 6
3551 4 69 3 41 65
3272 3 23 26 18
4088 4 24 35 31 55
1374 4 12 31 35 24
5408 10 13 11 45 29 24 30 12 58 9 66
2373 1 86
1571 4 22 67 10 60
4816 3 35 81 83
1457 10 34 40 72 45 30 51 29 55 2 74
3483 1 4
6991 3 66 58 24
1923 5 82 23 10 6 26
549 1 50
3407 3 10 50 35
4497 4 25 64 27 69
2817 4 14 17 89 5
3708 1 22
1583 2 80 21
2528 5 12 31 76 24 35
2464 3 26 5 56
6134 3 73 7 19
3906 1 86
1642 4 87 21 80 6
2951 6 39 57 1 40 74 55
6979 3 57 15 35
3167 5 14 90 6 20 89
6006 2 6 82
7136 3 10 78 21
6800 5 85 24 35 50 29
3391 4 5 6 17 46
6534 8 50 51 76 84 4 2 74 72
2407 4 10 31 11 37
703 3 74 70 75
2677 1 33
5764 5 21 75 23 5 10
6110 1 21
7033 1 8
7334 3 69 41 25
2981 2 27 69
545 4 37 31 12 73
4856 2 10 33
4011 8 7 85 72 90 19 73 79 83
2468 6 41 3 25 27 65 64
5404 2 89 59
1004 4 86 5 22 20
2261 4 57 81 68 35
5164 3 66 68 47
4570 5 50 57 18 35 59
6772 7 17 23 61 21 20 59 10
7627 2 57 45
4744 6 89 23 5 17 85 6
2733 4 82 6 80 54
3308 4 85 7 9 68
7694 5 87 44 78 82 49
3751 2 34 72
515 5 78 38 53 21 80
5755 4 34 84 88 68
2942 2 83 57
7314 4 55 79 68 77
3186 3 48 32 71
3515 3 80 49 2
3760 1 83
3888 5 77 52 70 6 42
231 3 68 15 52
